16/1/2019 15:40:53 12 32 9,1 7,6 9,2 8,7 3,1 10,2 2,2 10,10 5,7 3,1 1,7 4,6 4,1 1,4 1,3 5,9 7,2 8,7 6,8 10,7 2,10 1,1 3,9 9,4 1,8 7,2 5,7 9,6 8,7 1,8 5,10 8,10 9,7 1,1 6,5 2,4 3,3 1,1 6,4 3,10 10,6 4,7
16/1/2019 16:13:18 7 2 2,4 3,1 2,3 3,2
16/1/2019 16:49:56 21 40 12,18 8,5 5,11 9,5 13,11 16,2 10,18 9,4 15,4 7,18 12,15 19,4 14,17 15,10 14,15 15,16 2,6 16,18 5,15 12,12 13,18 8,15 6,7 16,8 10,19 9,9 3,13 2,1 6,15 5,12 7,6 8,17 4,8 16,11 4,19 18,15 7,1 16,6 1,11 15,1 10,5 7,19
17/1/2019 22:24:42 20 20 1,16 4,5 9,3 5,2 5,4 18,5 6,12 3,4 12,1 3,4 2,13 8,13 14,9 4,12 17,11 7,6 6,8 11,8 14,14 16,11 16,15 6,1
18/1/2019 18:23:46 10 12 8,5 5,2 5,4 3,5 5,7 1,1 4,4 1,5 1,1 6,4 8,2 8,5 4,3 6,8
18/1/2019 20:10:30 10 10 1,8 1,4 4,6 7,2 5,7 2,1 5,3 2,5 3,1 6,7 1,1 2,7
18/1/2019 21:21:27 20 20 7,7 15,12 14,15 8,11 16,7 1,1 12,16 17,3 2,12 6,9 15,7 4,17 13,11 8,14 8,2 13,4 15,5 8,18 18,14 5,2 11,15 7,3
24/1/2019 20:27:35 7 4 1,2 1,1 5,3 4,4 4,1 3,5
25/1/2019 19:7:16 10 10 6,1 2,6 6,6 8,7 5,4 8,3 1,4 2,8 5,2 6,4 7,8 4,3
27/1/2019 12:42:13 8 7 1,2 6,5 5,6 3,3 4,1 2,6 5,4 2,1 4,5
28/1/2019 15:37:25 11 15 2,1 6,5 5,8 9,9 1,7 4,8 6,4 7,9 8,4 5,1 7,3 9,7 3,3 9,8 9,8 1,4 5,9
28/1/2019 22:35:4 5 1 2,2 2,3 2,1
4/2/2019 20:39:11 16 12 9,12 9,10 6,14 7,6 5,2 9,6 6,3 8,6 4,9 8,1 7,11 11,12 10,14 12,3
7/2/2019 15:56:48 8 5 1,1 3,6 3,2 2,1 6,5 6,4 1,3
7/2/2019 18:53:15 6 2 4,2 3,3 4,3 1,1
7/2/2019 21:36:5 27 70 3,11 3,12 13,8 21,8 21,20 6,24 17,12 9,23 19,12 1,9 8,17 12,3 15,4 19,3 19,16 6,6 3,18 13,10 22,24 18,12 23,18 19,24 2,13 12,16 9,14 21,7 10,19 16,5 12,5 23,19 9,9 19,12 25,14 25,5 6,3 24,5 22,1 3,5 22,9 7,25 1,23 18,18 6,21 17,13 4,8 22,13 5,9 5,24 4,10 1,14 17,11 19,6 23,22 7,2 25,19 8,10 13,4 3,7 22,17 23,24 5,11 14,21 22,1 4,19 11,25 25,10 19,13 21,1 11,11 4,2 13,3 1,25
8/2/2019 8:54:29 11 12 6,4 7,4 7,1 3,7 3,3 3,4 5,2 9,9 5,2 6,9 7,1 8,3 2,1 8,7
28/3/2019 10:22:10 6 5 1,1 3,4 4,3 1,3 2,1 4,1 4,4
28/3/2019 23:57:36 7 6 5,3 4,3 3,4 4,5 5,2 1,1 3,5 1,2
29/3/2019 0:2:20 7 6 2,5 5,2 3,1 3,5 2,2 3,2 5,4 1,2
29/3/2019 0:23:50 7 4 1,2 2,1 5,4 1,1 5,5 4,1
29/3/2019 0:36:38 10 7 3,5 3,2 1,3 4,3 4,6 1,8 4,2 2,7 6,1
29/3/2019 1:20:41 6 2 3,2 2,2 4,4 2,1
29/3/2019 1:21:57 6 3 2,4 2,3 4,2 4,4 2,1
29/3/2019 1:24:51 8 5 4,4 4,6 6,1 5,2 6,3 5,5 2,2
29/3/2019 1:38:58 7 3 2,2 4,4 1,3 4,5 3,1
29/3/2019 1:50:49 7 6 5,5 5,3 5,2 3,2 3,4 2,4 3,5 1,1
29/3/2019 2:11:21 6 8 2,4 1,3 4,3 3,2 2,2 4,2 4,4 2,3 1,4 3,1
29/3/2019 2:26:54 15 10 1,1 2,6 12,11 3,10 12,10 5,3 10,1 9,5 2,10 11,4 1,7 11,10
14/4/2019 23:42:56 10 13 1,3 4,1 2,4 5,6 4,6 8,7 5,2 2,5 3,6 5,5 7,7 2,8 1,7 7,2 5,8
7/5/2019 14:59:18 7 9 1,1 1,4 3,1 4,3 5,4 5,5 2,3 5,2 1,3 4,5 4,1
7/5/2019 15:18:25 6 5 3,3 1,4 3,2 1,2 4,3 3,4 1,1
7/5/2019 16:58:21 6 4 1,4 3,2 4,1 4,3 2,4 3,1
7/5/2019 17:28:55 7 7 2,2 2,5 4,3 3,5 3,4 2,1 4,2 5,5 1,2
7/5/2019 19:35:26 6 6 2,3 4,3 3,1 4,1 1,2 4,4 2,1 1,4
